Function    Best Rate MB/s  Avg time     Min time     Max time
Copy:           36853.5     0.035270     0.034732     0.038729
Scale:          21994.3     0.059661     0.058197     0.065483
Add:            26976.9     0.072385     0.071172     0.076895
Triad:          26512.4     0.073506     0.072419     0.076874