Function    Best Rate MB/s  Avg time     Min time     Max time
Copy:           41040.2     0.031695     0.031189     0.034857
Scale:          41048.0     0.031470     0.031183     0.032065
Add:            40111.3     0.048329     0.047867     0.049275
Triad:          40077.0     0.048333     0.047908     0.049962