Function    Best Rate MB/s  Avg time     Min time     Max time
Copy:           39773.8     0.032854     0.032182     0.034661
Scale:          39858.0     0.032708     0.032114     0.035328
Add:            40366.6     0.047950     0.047564     0.050785
Triad:          40395.6     0.047940     0.047530     0.048804