Function    Best Rate MB/s  Avg time     Min time     Max time
Copy:           41038.6     0.031655     0.031190     0.033246
Scale:          41009.7     0.031747     0.031212     0.033515
Add:            40725.3     0.047596     0.047145     0.049452
Triad:          40672.7     0.047437     0.047206     0.048021